0.6 0.312243 0.6 0.58034 5.19994 3.98002 0 0.399334 0 0.1 0.00691132 0.01 
0.859997 0.765146 0.600045 0.622764 5.19975 2.61996 0.00179686 3.46323 0.000345566 0.923144 0.0138215 0.0800848 
1.11998 1.07466 0.600225 0.594594 5.19943 4.52913 0.00538996 0.629819 0.00103664 0.138173 0.0207296 0.0546803 
1.37996 1.27692 0.600629 0.524132 5.19898 4.76454 0.0107781 0.0914244 0.00207312 0.0191861 0.0276344 0.0599495 
1.6399 1.55886 0.601347 0.568529 5.19839 4.80325 0.0179597 0.434627 0.00345484 0.0902403 0.0345348 0.0682201 
1.89982 1.81195 0.60247 0.567143 5.19766 5.31751 0.0269323 0.448588 0.00518158 0.0841613 0.0414297 0.0964586 
2.1597 2.10814 0.604086 0.607941 5.19678 5.34236 0.0376932 0.551723 0.00725307 0.102908 0.0483182 0.105555 
2.41954 2.3257 0.606284 0.647767 5.19573 5.16644 0.0502389 0.701895 0.00966898 0.13503 0.0551989 0.125464 
2.67932 2.59951 0.609155 0.678465 5.1945 5.19299 0.0645654 0.674668 0.0124289 0.129195 0.062071 0.0954537 
2.93904 2.87173 0.612786 0.668131 5.19309 5.25504 0.080668 0.4039 0.0155325 0.0767087 0.0689333 -0.0628745 
3.19869 3.10786 0.617267 0.674838 5.19147 5.23127 0.0985415 0.340044 0.0189791 0.0649107 0.0757847 -0.0910465 
3.45825 3.39993 0.622685 0.572241 5.18963 5.28193 0.11818 -0.48124 0.0227684 -0.0908599 0.0826241 -0.55036 
3.71772 3.70722 0.62913 0.466639 5.18754 5.24386 0.139576 -1.17514 0.0268996 -0.220455 0.0894504 -0.846717 
3.97708 3.98569 0.636689 0.547585 5.18519 5.37259 0.162724 -0.439923 0.0313721 -0.0817005 0.0962627 -0.319577 
4.23632 4.26178 0.645449 0.540791 5.18256 5.37868 0.187614 -0.434924 0.0361852 -0.0806852 0.10306 -0.276031 
4.49542 4.52195 0.655498 0.575007 5.17962 5.3498 0.214238 -0.225001 0.0413382 -0.042033 0.10984 -0.156803 
4.75437 4.71225 0.666921 0.68549 5.17634 5.21603 0.242587 0.349639 0.0468302 0.0669314 0.116604 0.0972485 
5.01315 4.9661 0.679804 0.681816 5.1727 5.18521 0.272649 0.269535 0.0526604 0.0519346 0.123349 0.0573087 
5.27175 5.27176 0.694234 0.673844 5.16867 5.24819 0.304413 0.178243 0.0588279 0.0339497 0.130074 0.0173057 
5.53013 5.53008 0.710295 0.680838 5.16422 5.26125 0.337868 0.183658 0.0653316 0.0348935 0.136779 0.0177562 
5.78828 5.82718 0.728072 0.692728 5.15932 5.30069 0.372999 0.19026 0.0721706 0.035878 0.143463 0.0180008 
6.04618 6.07415 0.747647 0.614783 5.15393 5.26232 0.409793 -0.137307 0.0793437 -0.0260866 0.150124 -0.0866587 
6.30379 6.33234 0.769103 0.730246 5.14803 5.24499 0.448233 0.275538 0.0868499 0.0524853 0.156761 0.0440026 
6.5611 6.58453 0.792523 0.762798 5.14157 5.21552 0.488305 0.346832 0.0946879 0.0664022 0.163373 0.0616042 
6.81808 6.83657 0.817988 0.757986 5.13452 5.21066 0.52999 0.291964 0.102857 0.0559735 0.169959 0.0421833 
7.07469 7.08466 0.845578 0.740421 5.12685 5.16967 0.573269 0.197475 0.111355 0.0381803 0.176519 0.0143306 
7.3309 7.30998 0.875373 0.825085 5.11851 5.12121 0.618123 0.424525 0.120181 0.0827064 0.183051 0.0729987 
7.58668 7.59757 0.907449 0.837053 5.10946 5.17418 0.664531 0.414971 0.129333 0.080029 0.189554 0.0645237 
7.84199 7.85103 0.941886 0.812175 5.09966 5.17568 0.712469 0.305478 0.138811 0.0589533 0.196027 0.0341649 
8.0968 8.1045 0.978759 0.830367 5.08907 5.14629 0.761915 0.317479 0.148612 0.0616129 0.202468 0.0349274 
8.35106 8.34581 1.01814 0.846282 5.07766 5.12952 0.812843 0.328036 0.158735 0.0638636 0.208879 0.0356491 
8.60472 8.60872 1.06011 0.93504 5.06537 5.14757 0.865226 0.523453 0.169179 0.101341 0.215255 0.0776414 
8.85775 8.84788 1.10473 0.991807 5.05216 5.12011 0.919037 0.618937 0.179942 0.1203 0.221599 0.0950078 
9.1101 9.13327 1.15208 1.03008 5.03798 5.15036 0.974245 0.657458 0.191022 0.126966 0.227907 0.0968304 
9.36172 9.37246 1.20223 1.06148 5.0228 5.12907 1.03082 0.679101 0.202417 0.131637 0.234179 0.0968261 
9.61255 9.64764 1.25524 1.13215 5.00656 5.14355 1.08873 0.786924 0.214126 0.151815 0.240414 0.113407 
9.86254 9.91807 1.31118 1.25496 4.98922 5.12774 1.14794 1.00434 0.226147 0.193415 0.246611 0.152352 
10.1117 10.1706 1.37011 1.34165 4.97074 5.08181 1.20841 1.12407 0.238478 0.217689 0.252769 0.171492 
10.3598 10.3993 1.4321 1.42163 4.95106 5.03736 1.2701 1.21914 0.251116 0.237454 0.258887 0.183909 
10.6069 10.638 1.49721 1.50473 4.93014 4.97226 1.33298 1.31404 0.26406 0.258367 0.264964 0.198843 
10.853 10.8685 1.56549 1.53958 4.90794 4.95302 1.39701 1.29688 0.277309 0.256087 0.271 0.186135 
11.0979 11.1313 1.637 1.59093 4.8844 4.96586 1.46213 1.31006 0.290859 0.257936 0.276993 0.177634 
11.3416 11.4081 1.71179 1.63847 4.85948 4.99154 1.52832 1.31029 0.304708 0.256711 0.282942 0.166312 
11.584 11.6432 1.78992 1.69738 4.83313 4.95487 1.59551 1.33872 0.318855 0.263882 0.288846 0.166273 
11.8251 11.8761 1.87144 1.76297 4.80531 4.92905 1.66366 1.37721 0.333298 0.272458 0.294705 0.16681 
12.0647 12.1282 1.95639 1.84936 4.77598 4.92959 1.73273 1.4509 0.348033 0.286241 0.300517 0.171666 
12.3029 12.3718 2.04482 1.88297 4.74508 4.92825 1.80265 1.41079 0.363059 0.278809 0.306282 0.154576 
12.5394 12.6244 2.13677 1.94353 4.71257 4.94109 1.87338 1.42377 0.378373 0.280549 0.311998 0.146978 
12.7743 12.8279 2.23227 2.07298 4.67842 4.86361 1.94485 1.58627 0.393973 0.315273 0.317665 0.176979 
13.0075 13.088 2.33137 2.17369 4.64258 4.88275 2.01701 1.6652 0.409856 0.328668 0.323282 0.179385 
13.2388 13.2929 2.43409 2.31169 4.605 4.80212 2.08981 1.82559 0.42602 0.363291 0.328848 0.207502 
13.4682 13.4832 2.54047 2.45095 4.56565 4.67664 2.16317 1.98325 0.442462 0.401089 0.334362 0.241377 
13.6955 13.7296 2.65053 2.56839 4.52448 4.65867 2.23703 2.07131 0.459181 0.418366 0.339823 0.246668 
13.9208 13.9516 2.7643 2.67931 4.48147 4.60994 2.31134 2.14441 0.476172 0.435398 0.34523 0.253083 
14.1439 14.1784 2.88179 2.83214 4.43656 4.55495 2.38601 2.29023 0.493433 0.465886 0.350583 0.272038 
14.3646 14.4237 3.00303 2.93733 4.38974 4.57193 2.46099 2.32084 0.510962 0.469732 0.355881 0.257951 
14.583 14.6317 3.12802 3.02057 4.34097 4.53722 2.5362 2.31709 0.528756 0.47216 0.361122 0.247458 
14.7989 14.8601 3.25679 3.16473 4.29021 4.5131 2.61157 2.42081 0.546812 0.492339 0.366307 0.25303 
15.0122 15.0652 3.38932 3.3542 4.23744 4.4195 2.68703 2.61202 0.565128 0.533793 0.371433 0.283676 
15.2228 15.2787 3.52563 3.51328 4.18263 4.34431 2.76249 2.73174 0.583699 0.561334 0.376501 0.300112 
15.4306 15.4891 3.66572 3.70121 4.12575 4.26329 2.83789 2.89175 0.602525 0.596007 0.381509 0.32064 
15.6355 15.7022 3.80957 3.83327 4.06678 4.22665 2.91315 2.93331 0.6216 0.60669 0.386458 0.315229 
15.8375 15.9207 3.95719 3.98323 4.00571 4.18958 2.98817 3.0006 0.640923 0.62152 0.391345 0.313986 
16.0363 16.1198 4.10854 4.1454 3.94251 4.09742 3.0629 3.09636 0.66049 0.647129 0.39617 0.329502 
16.2319 16.3157 4.26363 4.34145 3.87716 4.00902 3.13723 3.23665 0.680299 0.679201 0.400933 0.345559 
16.4242 16.5253 4.42242 4.50187 3.80966 3.97205 3.21109 3.29606 0.700345 0.692657 0.405632 0.34065 
16.613 16.7037 4.5849 4.67715 3.74 3.88431 3.28438 3.38407 0.720627 0.716682 0.410268 0.348365 
16.7983 16.8627 4.75103 4.87388 3.66817 3.70534 3.35704 3.52221 0.74114 0.760066 0.414838 0.387469 
16.9799 17.0276 4.92077 5.0979 3.59416 3.57693 3.42897 3.6752 0.761882 0.798947 0.419343 0.407495 
17.1579 17.1983 5.09409 5.27365 3.51797 3.48204 3.50008 3.73867 0.782849 0.820925 0.423782 0.413431 
17.3319 17.359 5.27094 5.46061 3.4396 3.38925 3.57028 3.81001 0.804038 0.843777 0.428154 0.416081 
17.5019 17.5155 5.45128 5.6396 3.35907 3.2791 3.63949 3.86878 0.825446 0.86771 0.432459 0.425264 
17.6679 17.7092 5.63506 5.77392 3.27637 3.28427 3.70762 3.83434 0.847069 0.862517 0.436695 0.39851 
17.8297 17.8516 5.82221 5.97945 3.19151 3.13495 3.77458 3.93301 0.868904 0.897835 0.440862 0.422501 
17.9872 18.0268 6.01269 6.16746 3.10453 3.08847 3.84027 3.97745 0.890947 0.910554 0.444959 0.413501 
18.1402 18.1736 6.20641 6.37854 3.01542 2.98235 3.90462 4.06024 0.913195 0.937272 0.448987 0.421377 
18.2888 18.2972 6.40332 6.60914 2.92421 2.84342 3.96753 4.16668 0.935644 0.971968 0.452943 0.435299 
18.4328 18.427 6.60333 6.82702 2.83093 2.71542 4.0289 4.24561 0.958291 1.00178 0.456828 0.447197 
18.572 18.5763 6.80638 6.97555 2.7356 2.68779 4.08867 4.20844 0.981133 1.00243 0.46064 0.426506 
18.7064 18.7214 7.01237 7.18443 2.63825 2.63454 4.14672 4.25409 1.00417 1.01631 0.46438 0.415171 
18.8359 18.9171 7.22122 7.32861 2.53893 2.69033 4.20299 4.19072 1.02738 1.00009 0.468047 0.377917 
18.9604 19.0036 7.43283 7.54634 2.43767 2.492 4.25737 4.27182 1.05079 1.0427 0.47164 0.412935 
19.0798 19.0984 7.64712 7.79324 2.3345 2.34055 4.3098 4.37299 1.07437 1.07936 0.475158 0.428941 
19.1939 19.2154 7.86397 8.00701 2.22949 2.2552 4.36017 4.41333 1.09813 1.09839 0.478601 0.426271 
19.3028 19.2974 8.08329 8.21947 2.12266 2.12092 4.40842 4.45401 1.12206 1.12638 0.481969 0.433926 
19.4062 19.393 8.30497 8.43639 2.01409 2.02903 4.45445 4.48957 1.14615 1.14633 0.48526 0.429167 
19.5042 19.4889 8.5289 8.59443 1.90381 1.9657 4.49819 4.44571 1.17042 1.15448 0.488475 0.417961 
19.5966 19.5755 8.75494 8.81316 1.7919 1.84367 4.53956 4.48379 1.19484 1.18069 0.491613 0.427548 
19.6835 19.7373 8.983 8.98477 1.67841 1.89233 4.57848 4.44044 1.21942 1.16794 0.494673 0.39364 
19.7645 19.8065 9.21294 9.21525 1.56341 1.73413 4.61488 4.49388 1.24416 1.20252 0.497655 0.415782 
19.8398 19.9393 9.44463 9.42748 1.44697 1.72652 4.64869 4.50337 1.26904 1.2047 0.500558 0.396709 
19.9093 19.9814 9.67795 9.65995 1.32916 1.51708 4.67984 4.55536 1.29407 1.24932 0.503383 0.433519 
19.9728 20.0726 9.91275 9.88605 1.21005 1.44917 4.70826 4.58181 1.31923 1.26447 0.506127 0.426779 
20.0303 20.13 10.1489 10.1335 1.08972 1.33276 4.73389 4.63422 1.34454 1.29076 0.508793 0.428502 
20.0818 20.1824 10.3863 10.3882 0.968259 1.20228 4.75666 4.68952 1.36998 1.31983 0.511377 0.435539 
20.1271 20.1976 10.6247 10.6283 0.845742 0.984768 4.77652 4.72393 1.39555 1.36528 0.513881 0.469396 
20.1663 20.2596 10.864 10.8859 0.722256 0.89008 4.7934 4.76922 1.42124 1.38629 0.516304 0.465994 
20.1993 20.2877 11.1041 11.1386 0.597892 0.753978 4.80727 4.80486 1.44706 1.41515 0.518645 0.46982 
20.2261 20.3231 11.3449 11.3736 0.472738 0.644466 4.81807 4.81506 1.47299 1.43774 0.520904 0.469152 
20.2466 20.2712 11.5861 11.6242 0.346889 0.302451 4.82575 4.82889 1.49904 1.50824 0.523081 0.536766 
20.2608 20.3432 11.8275 11.8618 0.220439 0.278949 4.83027 4.83657 1.52519 1.51319 0.525176 0.514863 
20.2687 20.3652 12.0692 12.0973 0.093487 0.224587 4.83159 4.84061 1.55145 1.52443 0.527187 0.488664 
20.2701 20.3562 12.3108 12.3703 -0.0338694 0.0644334 4.82968 4.87653 1.57781 1.55758 0.529115 0.495856 
20.2652 20.3073 12.5522 12.611 -0.161529 -0.203449 4.82451 4.85747 1.60426 1.61266 0.53096 0.541842 
20.254 20.3319 12.7933 12.8506 -0.28939 -0.267838 4.81605 4.85347 1.63081 1.62593 0.532721 0.528392 
20.2363 20.3167 13.0339 13.0853 -0.417348 -0.406369 4.80428 4.83412 1.65745 1.65466 0.534397 0.53505 
20.2122 20.2809 13.2738 13.3036 -0.545298 -0.549434 4.78918 4.79483 1.68417 1.68489 0.53599 0.539576 
20.1818 20.24 13.5129 13.5395 -0.673135 -0.68819 4.77072 4.77414 1.71097 1.71396 0.537498 0.539903 
20.1449 20.2215 13.7509 13.7916 -0.800753 -0.787851 4.74892 4.77315 1.73784 1.73438 0.53892 0.532878 
20.1017 20.1638 13.9878 14.0219 -0.928043 -0.962162 4.72374 4.73213 1.76479 1.77139 0.540258 0.549673 
20.0521 20.1111 14.2233 14.2707 -1.0549 -1.09707 4.69521 4.71729 1.7918 1.7993 0.54151 0.549414 
19.9962 20.0381 14.4573 14.5001 -1.18121 -1.25105 4.66331 4.67476 1.81888 1.83229 0.542677 0.555129 
19.934 19.9338 14.6897 14.7464 -1.30687 -1.44759 4.62805 4.63964 1.84601 1.87323 0.543759 0.566805 
19.8655 19.8648 14.9202 14.9667 -1.43177 -1.5407 4.58944 4.59705 1.8732 1.89418 0.544754 0.553275 
19.7908 19.8298 15.1486 15.1892 -1.55581 -1.59179 4.54751 4.56199 1.90044 1.90651 0.545663 0.539414 
19.7099 19.6979 15.3749 15.4025 -1.67887 -1.89803 4.50226 4.43803 1.92772 1.97493 0.546486 0.610107 
19.6229 19.6619 15.5989 15.6022 -1.80085 -1.92949 4.45372 4.38133 1.95504 1.98563 0.547223 0.593074 
19.5298 19.5635 15.8203 15.8117 -1.92164 -2.05255 4.40193 4.31542 1.98241 2.01476 0.547873 0.592089 
19.4307 19.4614 16.039 16.0227 -2.04114 -2.17322 4.3469 4.25092 2.0098 2.04339 0.548437 0.591379 
19.3257 19.3564 16.2549 16.2329 -2.15925 -2.25592 4.28868 4.20348 2.03722 2.06335 0.548915 0.572651 
19.2148 19.2444 16.4679 16.4139 -2.27586 -2.36745 4.22731 4.10757 2.06467 2.09365 0.549305 0.575667 
19.0981 19.1231 16.6777 16.6137 -2.39087 -2.48972 4.16284 4.03042 2.09213 2.12415 0.549609 0.579139 
18.9757 18.9965 16.8841 16.8173 -2.50418 -2.60446 4.0953 3.96159 2.11961 2.15238 0.549826 0.578268 
18.8477 18.84 17.0872 17.0097 -2.61571 -2.81898 4.02476 3.82488 2.1471 2.20593 0.549957 0.623323 
18.7142 18.6771 17.2866 17.2303 -2.72534 -2.96697 3.95127 3.76306 2.1746 2.23845 0.55 0.622675 
18.5752 18.5696 17.4822 17.4351 -2.83299 -2.9388 3.87489 3.77158 2.2021 2.23272 0.549957 0.560937 
18.4309 18.363 17.674 17.6167 -2.93858 -3.12631 3.79568 3.65296 2.2296 2.27866 0.549826 0.576578 
18.2814 18.2258 17.8617 17.8072 -3.042 -3.15078 3.71372 3.62295 2.25709 2.2866 0.549609 0.54009 
18.1268 18.0909 18.0453 17.9932 -3.14318 -3.21164 3.62906 3.55786 2.28457 2.30509 0.549305 0.532455 
17.9671 17.915 18.2246 18.1509 -3.24204 -3.34554 3.5418 3.42301 2.31204 2.34475 0.548915 0.553053 
17.8026 17.7756 18.3994 18.3002 -3.3385 -3.39722 3.45199 3.31933 2.33948 2.36779 0.548437 0.550334 
17.6334 17.6392 18.5697 18.4837 -3.43247 -3.42021 3.35973 3.28422 2.3669 2.37647 0.547873 0.526098 
17.4595 17.4504 18.7353 18.6566 -3.5239 -3.52649 3.26509 3.20008 2.3943 2.40468 0.547223 0.527033 
17.281 17.2683 18.8962 18.8007 -3.61271 -3.623 3.16817 3.07822 2.42166 2.43731 0.546486 0.536508 
17.0983 17.1026 19.0521 18.9397 -3.69883 -3.6813 3.06904 2.97188 2.44898 2.46242 0.545663 0.535818 
16.9113 16.9353 19.203 19.1095 -3.78221 -3.72139 2.9678 2.9277 2.47627 2.475 0.544754 0.516742 
16.7201 16.7197 19.3488 19.2228 -3.86278 -3.83205 2.86455 2.77527 2.5035 2.51479 0.543759 0.530012 
16.5251 16.5315 19.4894 19.3748 -3.9405 -3.90101 2.75938 2.6933 2.53069 2.53733 0.542677 0.527436 
16.3262 16.3151 19.6246 19.5268 -4.01531 -3.99564 2.65237 2.608 2.55783 2.56331 0.54151 0.52587 
16.1237 16.0912 19.7545 19.6132 -4.08716 -4.10489 2.54364 2.41278 2.5849 2.6102 0.540258 0.552416 
15.9176 15.8892 19.8789 19.7537 -4.15602 -4.16485 2.43329 2.33352 2.61191 2.63088 0.53892 0.545404 
15.7082 15.6978 19.9978 19.879 -4.22185 -4.17258 2.32141 2.29005 2.63886 2.63965 0.537498 0.512781 
15.4956 15.475 20.111 20.0242 -4.28461 -4.24573 2.2081 2.22556 2.66574 2.65878 0.53599 0.50535 
15.2799 15.2687 20.2185 20.1624 -4.34427 -4.28207 2.09347 2.17984 2.69253 2.67072 0.534397 0.487366 
15.0613 15.0764 20.3203 20.295 -4.4008 -4.30609 1.97763 2.12426 2.71925 2.68331 0.532721 0.476422 
14.84 14.8479 20.4162 20.3783 -4.4542 -4.37603 1.86068 1.97497 2.74589 2.71764 0.53096 0.489736 
14.6161 14.6324 20.5063 20.4966 -4.50443 -4.41832 1.74272 1.90277 2.77244 2.73494 0.529115 0.482664 
14.3897 14.4001 20.5904 20.5826 -4.55149 -4.48732 1.62386 1.75907 2.79889 2.76799 0.527187 0.497917 
14.1611 14.1547 20.6686 20.657 -4.59537 -4.55226 1.50421 1.62183 2.82525 2.79934 0.525176 0.50355 
13.9304 13.9207 20.7408 20.7276 -4.63606 -4.60775 1.38386 1.47151 2.85151 2.83248 0.523081 0.517486 
13.6977 13.6524 20.807 20.7897 -4.67357 -4.68517 1.26294 1.32285 2.87767 2.86641 0.520904 0.523996 
13.4632 13.4066 20.8671 20.8211 -4.70789 -4.74768 1.14153 1.09303 2.90371 2.91531 0.518645 0.56095 
13.2271 13.1588 20.9211 20.8662 -4.73904 -4.78614 1.01975 0.945412 2.92964 2.94657 0.516304 0.563727 
12.9895 12.9276 20.969 20.9231 -4.76702 -4.80434 0.897694 0.833599 2.95546 2.96979 0.513881 0.559485 
12.7506 12.7171 21.0108 20.9745 -4.79186 -4.79577 0.775469 0.731304 2.98115 2.99027 0.511377 0.553378 
12.5106 12.4684 21.0465 21.0126 -4.81358 -4.82782 0.653175 0.592593 3.00672 3.01946 0.508793 0.557435 
12.2695 12.2216 21.0761 21.0518 -4.83219 -4.85075 0.530912 0.477082 3.03216 3.04356 0.506127 0.553461 
12.0276 11.9827 21.0996 21.0713 -4.84773 -4.86248 0.408778 0.325463 3.05747 3.07476 0.503383 0.561724 
11.785 11.7348 21.117 21.0471 -4.86022 -4.86489 0.286869 0.126534 3.08264 3.11559 0.500558 0.574096 
11.5418 11.4874 21.1283 21.0335 -4.86971 -4.86769 0.165281 -0.0488352 3.10767 3.15162 0.497655 0.583067 
11.2982 11.2637 21.1335 21.0317 -4.87623 -4.84495 0.0441057 -0.178398 3.13255 3.1784 0.494673 0.581611 
11.0544 11.0102 21.1327 20.9928 -4.87982 -4.84199 -0.076565 -0.372998 3.15728 3.21847 0.491613 0.593743 
10.8105 10.7911 21.1259 20.9594 -4.88053 -4.8008 -0.196643 -0.529527 3.18186 3.25145 0.488475 0.598016 
10.5666 10.5435 21.1131 20.9562 -4.8784 -4.7945 -0.31604 -0.581171 3.20629 3.26222 0.48526 0.565955 
10.3229 10.275 21.0943 20.9781 -4.87349 -4.82766 -0.434674 -0.630819 3.23055 3.27152 0.481969 0.545943 
10.0795 10.0363 21.0697 20.9592 -4.86585 -4.8116 -0.552463 -0.729024 3.25465 3.29196 0.478601 0.537682 
9.83658 9.82999 21.0391 20.9235 -4.85554 -4.75554 -0.669327 -0.847213 3.27858 3.3179 0.475158 0.538233 
9.59422 9.59372 21.0028 20.9139 -4.84262 -4.73876 -0.785189 -0.858008 3.30234 3.32071 0.47164 0.499947 
9.35258 9.38997 20.9607 20.863 -4.82714 -4.67846 -0.899977 -0.981993 3.32592 3.34849 0.468047 0.503968 
9.11177 9.16382 20.9128 20.8236 -4.80919 -4.64942 -1.01362 -1.07619 3.34932 3.36905 0.46438 0.499231 
8.87192 8.88831 20.8594 20.7853 -4.78881 -4.67697 -1.12605 -1.16381 3.37254 3.38548 0.46064 0.489317 
8.63315 8.66808 20.8003 20.7086 -4.76608 -4.62625 -1.2372 -1.30592 3.39557 3.41672 0.456828 0.496958 
8.39557 8.40398 20.7358 20.6212 -4.74108 -4.62154 -1.34701 -1.45356 3.41841 3.44632 0.452943 0.500307 
8.1593 8.17552 20.6657 20.5418 -4.71387 -4.57994 -1.45542 -1.58127 3.44106 3.47404 0.448987 0.504539 
7.92445 7.93647 20.5903 20.4607 -4.68453 -4.55175 -1.56237 -1.69523 3.46351 3.49811 0.444959 0.503032 
7.69111 7.71922 20.5096 20.3756 -4.65313 -4.49664 -1.66781 -1.83165 3.48576 3.52841 0.440862 0.515128 
7.45939 7.43072 20.4237 20.3138 -4.61975 -4.54097 -1.7717 -1.89197 3.5078 3.53636 0.436695 0.495729 
7.22939 7.20287 20.3326 20.2159 -4.58448 -4.49569 -1.87399 -1.997 3.52963 3.55962 0.432459 0.492185 
7.00119 6.94438 20.2364 20.1332 -4.54738 -4.49769 -1.97462 -2.07241 3.55126 3.57337 0.428154 0.480559 
6.7749 6.72207 20.1352 20.04 -4.50854 -4.45384 -2.07357 -2.14599 3.57266 3.5906 0.423782 0.470917 
6.55059 6.47494 20.0292 19.9496 -4.46805 -4.44406 -2.17079 -2.21611 3.59385 3.60417 0.419343 0.460517 
6.32834 6.25948 19.9183 19.8551 -4.42598 -4.39561 -2.26625 -2.28674 3.61482 3.6213 0.414838 0.454755 
6.10823 6.00072 19.8027 19.7624 -4.38241 -4.40571 -2.35993 -2.34212 3.63556 3.63021 0.410268 0.440257 
5.89034 5.77957 19.6824 19.6171 -4.33744 -4.33516 -2.45178 -2.51228 3.65608 3.66681 0.405632 0.462363 
5.67472 5.58629 19.5577 19.498 -4.29114 -4.25312 -2.5418 -2.60064 3.67636 3.6904 0.400933 0.463523 
5.46145 5.38585 19.4284 19.3488 -4.24359 -4.1662 -2.62995 -2.73414 3.6964 3.72236 0.39617 0.474276 
5.25059 5.16668 19.2948 19.2487 -4.19488 -4.13995 -2.71622 -2.77017 3.71621 3.7313 0.391345 0.459861 
5.04219 4.97006 19.157 19.1354 -4.1451 -4.0867 -2.80059 -2.79576 3.73578 3.74158 0.386458 0.440908 
4.8363 4.79422 19.015 18.9858 -4.09432 -3.98381 -2.88305 -2.90117 3.7551 3.77102 0.381509 0.448843 
4.63297 4.58915 18.8689 18.8363 -4.04263 -3.92205 -2.96359 -3.00869 3.77418 3.79596 0.376501 0.455235 
4.43224 4.40365 18.7188 18.7049 -3.99012 -3.85347 -3.0422 -3.0671 3.793 3.81385 0.371433 0.450915 
4.23416 4.21629 18.5648 18.5622 -3.93685 -3.79419 -3.11888 -3.10868 3.81158 3.82801 0.366307 0.436229 
4.03876 4.07619 18.4071 18.4061 -3.88293 -3.65948 -3.19362 -3.19698 3.82989 3.85964 0.361122 0.447288 
3.84606 3.89509 18.2457 18.2358 -3.82841 -3.56304 -3.26644 -3.3464 3.84795 3.89565 0.355881 0.474824 
3.65611 3.65613 18.0807 18.0949 -3.77339 -3.59167 -3.33732 -3.37836 3.86574 3.8964 0.350583 0.450571 
3.46891 3.4872 17.9122 17.9423 -3.71795 -3.52403 -3.40627 -3.40463 3.88327 3.90976 0.34523 0.434617 
3.28449 3.27117 17.7402 17.7759 -3.66215 -3.51456 -3.47331 -3.46342 3.90053 3.91966 0.339823 0.421755 
3.10287 3.09541 17.565 17.594 -3.60609 -3.42608 -3.53844 -3.57936 3.91752 3.94887 0.334362 0.43789 
2.92405 2.91161 17.3866 17.4751 -3.54982 -3.40737 -3.60167 -3.56334 3.93424 3.94936 0.328848 0.417066 
2.74805 2.76868 17.2051 17.2617 -3.49344 -3.25265 -3.66302 -3.73036 3.95068 3.99529 0.323282 0.453371 
2.57486 2.59494 17.0205 17.0779 -3.437 -3.19083 -3.72251 -3.79458 3.96685 4.01321 0.317665 0.448357 
2.4045 2.42959 16.833 16.9084 -3.38059 -3.1482 -3.78014 -3.79563 3.98273 4.01996 0.311998 0.423465 
2.23695 2.26402 16.6427 16.7357 -3.32428 -3.0949 -3.83595 -3.83407 3.99833 4.03327 0.306282 0.415635 
2.07221 2.09386 16.4497 16.5396 -3.26812 -3.05275 -3.88995 -3.87199 4.01365 4.04475 0.300517 0.399483 
1.91027 1.94089 16.254 16.3112 -3.21219 -2.9582 -3.94216 -3.97613 4.02867 4.07275 0.294705 0.406933 
1.75112 1.78368 16.0557 16.1327 -3.15656 -2.92157 -3.99261 -3.97797 4.04341 4.07892 0.288846 0.386278 
1.59474 1.58536 15.8549 15.9636 -3.10129 -2.95209 -4.04132 -3.97932 4.05785 4.07412 0.282942 0.36133 
1.44111 1.45895 15.6517 15.7359 -3.04644 -2.81383 -4.08832 -4.10496 4.07199 4.11148 0.276993 0.388817 
1.29021 1.29044 15.4463 15.5204 -2.99207 -2.77877 -4.13364 -4.16377 4.08584 4.1239 0.271 0.380998 
1.14201 1.13809 15.2386 15.3265 -2.93825 -2.73985 -4.1773 -4.1829 4.09939 4.1325 0.264964 0.36799 
0.996486 0.936453 15.0288 15.1118 -2.88503 -2.77502 -4.21933 -4.2213 4.11264 4.13084 0.258887 0.346412 
0.853604 0.791183 14.8169 14.9276 -2.83246 -2.7483 -4.25977 -4.20193 4.12559 4.13317 0.252769 0.324295 
0.71333 0.676842 14.603 14.7118 -2.78061 -2.64024 -4.29864 -4.25755 4.13823 4.1573 0.246611 0.332562 
0.575628 0.566077 14.3872 14.4736 -2.72952 -2.50676 -4.33598 -4.35942 4.15056 4.19054 0.240414 0.355354 
0.440459 0.396054 14.1696 14.2542 -2.67925 -2.51135 -4.37181 -4.39387 4.16258 4.19315 0.234179 0.339281 
0.307779 0.281693 13.9502 14.0072 -2.62984 -2.37667 -4.40617 -4.51318 4.17429 4.22768 0.227907 0.367798 
0.177545 0.244283 13.7292 13.7576 -2.58135 -2.13631 -4.43909 -4.5957 4.18568 4.27725 0.221599 0.400244 
0.0497099 0.144752 13.5065 13.517 -2.53381 -2.01337 -4.47061 -4.67384 4.19676 4.30564 0.215255 0.414552 
-0.0757753 -0.0158958 13.2823 13.2902 -2.48728 -2.03698 -4.50075 -4.69805 4.20752 4.30327 0.208879 0.390006 
-0.198962 -0.131238 13.0566 13.0694 -2.44179 -1.99501 -4.52955 -4.69949 4.21797 4.31093 0.202468 0.373495 
-0.319903 -0.158172 12.8295 12.8389 -2.39739 -1.77623 -4.55704 -4.7382 4.22809 4.35373 0.196027 0.399666 
-0.438654 -0.275361 12.6011 12.6116 -2.35412 -1.76307 -4.58326 -4.73101 4.23789 4.35567 0.189554 0.374302 
-0.555273 -0.392053 12.3714 12.376 -2.31202 -1.73406 -4.60823 -4.75783 4.24737 4.36289 0.183051 0.361906 
-0.669818 -0.513857 12.1404 12.1648 -2.27111 -1.74502 -4.63198 -4.73469 4.25652 4.35928 0.176519 0.335061 
-0.78235 -0.597258 11.9083 11.942 -2.23144 -1.6682 -4.65456 -4.7474 4.26535 4.37447 0.169959 0.333813 
-0.892931 -0.718771 11.6751 11.7139 -2.19304 -1.68083 -4.67598 -4.74442 4.27385 4.37191 0.163373 0.310114 
-1.00163 -0.899869 11.4409 11.4739 -2.15594 -1.7997 -4.69628 -4.75396 4.28201 4.35049 0.156761 0.270328 
-1.1085 -1.0036 11.2057 11.2458 -2.12017 -1.79784 -4.71549 -4.72816 4.28985 4.34903 0.150124 0.24556 
-1.21362 -1.17313 10.9695 11.019 -2.08575 -1.90134 -4.73364 -4.71899 4.29736 4.32938 0.143463 0.21181 
-1.31706 -1.25486 10.7324 10.776 -2.05273 -1.80775 -4.75075 -4.76927 4.30453 4.35008 0.136779 0.227773 
-1.41889 -1.38208 10.4945 10.5242 -2.02111 -1.82376 -4.76686 -4.79578 4.31137 4.34899 0.130074 0.214449 
-1.51917 -1.46625 10.2559 10.2661 -1.99093 -1.73914 -4.78198 -4.85336 4.31787 4.36831 0.123349 0.227896 
-1.61797 -1.57174 10.0165 10.0521 -1.96221 -1.73231 -4.79615 -4.8368 4.32404 4.36847 0.116604 0.216618 
-1.71539 -1.66141 9.77637 9.82112 -1.93498 -1.70217 -4.80939 -4.83159 4.32987 4.37367 0.10984 0.207861 
-1.81147 -1.74371 9.53564 9.59682 -1.90924 -1.65426 -4.82172 -4.82989 4.33536 4.38241 0.10306 0.206388 
-1.90631 -1.84793 9.29431 9.34939 -1.88502 -1.63312 -4.83316 -4.86341 4.34052 4.38842 0.0962627 0.205949 
-1.99998 -1.92825 9.05243 9.06201 -1.86233 -1.56943 -4.84374 -4.92844 4.34533 4.4041 0.0894504 0.210954 
-2.09256 -2.01651 8.81003 8.83608 -1.8412 -1.56452 -4.85347 -4.90287 4.3498 4.4035 0.0826241 0.194149 
-2.18412 -2.11348 8.56717 8.58467 -1.82164 -1.55446 -4.86238 -4.92187 4.35393 4.40648 0.0757847 0.187021 
-2.27474 -2.23471 8.32388 8.33514 -1.80365 -1.6001 -4.87047 -4.92986 4.35772 4.39854 0.0689333 0.167724 
-2.3645 -2.29139 8.0802 8.09677 -1.78726 -1.51688 -4.87778 -4.93705 4.36117 4.4143 0.062071 0.175533 
-2.45348 -2.36203 7.83617 7.87866 -1.77248 -1.48318 -4.8843 -4.91058 4.36427 4.41906 0.0551989 0.168841 
-2.54177 -2.4722 7.59184 7.62919 -1.75931 -1.51344 -4.89006 -4.92296 4.36703 4.41413 0.0483182 0.154856 
-2.62944 -2.62901 7.34723 7.39688 -1.74777 -1.68147 -4.89507 -4.87289 4.36945 4.38012 0.0414297 0.0997237 
-2.71658 -2.73155 7.10238 7.14138 -1.73786 -1.69219 -4.89933 -4.89083 4.37152 4.37929 0.0345348 0.0935838 
-2.80326 -2.79986 6.85734 6.90512 -1.72958 -1.62815 -4.90286 -4.90089 4.37325 4.39164 0.0276344 0.104948 
-2.88957 -2.85222 6.61214 6.68805 -1.72295 -1.5537 -4.90566 -4.88181 4.37463 4.40426 0.0207296 0.112629 
-2.97559 -2.92571 6.36681 6.45945 -1.71797 -1.5656 -4.90774 -4.84338 4.37567 4.39974 0.0138215 0.0902129 
-3.0614 -2.98311 6.12139 6.21914 -1.71464 -1.50569 -4.90911 -4.85011 4.37636 4.41138 0.00691132 0.0974501 
-3.14709 -3.09793 5.87592 5.97542 -1.71297 -1.55737 -4.90976 -4.85563 4.3767 4.40202 -1.76894e-16 0.0831547 
-3.23274 -3.17612 5.63043 5.70536 -1.71295 -1.53361 -4.9097 -4.89236 4.3767 4.40862 -0.00691132 0.0855062 
-3.31843 -3.28477 5.38496 5.45917 -1.71458 -1.61723 -4.90893 -4.87073 4.37636 4.39181 -0.0138215 0.0521361 
-3.40424 -3.3772 5.13955 5.20056 -1.71787 -1.62436 -4.90745 -4.89082 4.37567 4.39173 -0.0207296 0.0494162 
-3.49026 -3.44858 4.89422 4.95421 -1.72281 -1.58358 -4.90525 -4.90374 4.37463 4.40003 -0.0276344 0.0581514 
-3.57657 -3.55582 4.64902 4.68356 -1.72939 -1.61749 -4.90233 -4.9356 4.37325 4.3957 -0.0345348 0.0511065 
-3.66325 -3.66494 4.40398 4.43258 -1.73763 -1.70526 -4.89868 -4.9161 4.37152 4.3785 -0.0414297 0.0182754 
-3.75039 -3.79043 4.15913 4.16851 -1.74749 -1.77152 -4.8943 -4.93548 4.36945 4.36778 -0.0483182 0.00721507 
-3.83806 -3.8762 3.91452 3.92665 -1.75899 -1.74741 -4.88918 -4.93989 4.36703 4.37239 -0.0551989 0.0163837 
-3.92635 -3.95128 3.67019 3.6891 -1.77212 -1.7236 -4.8833 -4.9308 4.36427 4.37611 -0.062071 0.0189257 
-4.01533 -4.05836 3.42616 3.47584 -1.78686 -1.80127 -4.87666 -4.87211 4.36117 4.35826 -0.0689333 -0.0107173 
-4.10509 -4.14871 3.18248 3.23064 -1.8032 -1.80399 -4.86925 -4.87325 4.35772 4.35785 -0.0757847 -0.0105636 
-4.19571 -4.26411 2.93919 2.97901 -1.82113 -1.88253 -4.86104 -4.86496 4.35393 4.34318 -0.0826241 -0.0335342 
-4.28727 -4.35069 2.69633 2.7097 -1.84065 -1.87219 -4.85202 -4.89536 4.3498 4.34711 -0.0894504 -0.0275719 
-4.37985 -4.44006 2.45393 2.45979 -1.86173 -1.8648 -4.84218 -4.90213 4.34533 4.34889 -0.0962627 -0.0228764 
-4.47352 -4.542 2.21205 2.19943 -1.88436 -1.88039 -4.83149 -4.91985 4.34052 4.34732 -0.10306 -0.0225311 
-4.56836 -4.65357 1.97072 1.96407 -1.90853 -1.98567 -4.81994 -4.87599 4.33536 4.32566 -0.10984 -0.0616403 
-4.66444 -4.76488 1.72998 1.69769 -1.93422 -2.01281 -4.80751 -4.9001 4.32987 4.32263 -0.116604 -0.0602633 
-4.76186 -4.8893 1.48989 1.44988 -1.9614 -2.1043 -4.79417 -4.88147 4.32404 4.30538 -0.123349 -0.0844996 
-4.86066 -4.95092 1.25049 1.20826 -1.99007 -2.05651 -4.7799 -4.87259 4.31787 4.31301 -0.130074 -0.074374 
-4.96095 -5.05038 1.01182 0.983481 -2.02019 -2.06961 -4.76468 -4.8409 4.31137 4.30838 -0.136779 -0.074776 
-5.06277 -5.11374 0.77393 0.744339 -2.05174 -2.02655 -4.74848 -4.83178 4.30453 4.31525 -0.143463 -0.0656988 
-5.16621 -5.2052 0.536876 0.46058 -2.08471 -2.03182 -4.73127 -4.88013 4.29736 4.31787 -0.150124 -0.0640078 
-5.27133 -5.28135 0.300706 0.216571 -2.11906 -2.00769 -4.71303 -4.8756 4.28985 4.32177 -0.156761 -0.057627 
-5.3782 -5.39157 0.0654719 -0.0226402 -2.15477 -2.00401 -4.69374 -4.87181 4.28201 4.32214 -0.163373 -0.0451386 
-5.4869 -5.46477 -0.168772 -0.264943 -2.1918 -1.97372 -4.67335 -4.86771 4.27385 4.32717 -0.169959 -0.0384947 
-5.59748 -5.58618 -0.401971 -0.461463 -2.23014 -2.05163 -4.65185 -4.7907 4.26535 4.30777 -0.176519 -0.061067 
-5.71001 -5.724 -0.634069 -0.655976 -2.26974 -2.14149 -4.62919 -4.71352 4.25652 4.28594 -0.183051 -0.0819658 
-5.82456 -5.83714 -0.865006 -0.884446 -2.31058 -2.22494 -4.60536 -4.68152 4.24737 4.26873 -0.189554 -0.10931 
-5.94118 -5.9321 -1.09472 -1.14366 -2.35262 -2.21188 -4.58032 -4.71081 4.23789 4.27341 -0.196027 -0.0977573 
-6.05993 -6.02065 -1.32316 -1.40474 -2.39581 -2.19062 -4.55404 -4.74239 4.22809 4.27966 -0.202468 -0.0863388 
-6.18087 -6.15875 -1.55025 -1.6156 -2.44014 -2.26911 -4.52648 -4.68788 4.21797 4.26159 -0.208879 -0.101608 
-6.30406 -6.29912 -1.77593 -1.84839 -2.48555 -2.40545 -4.49762 -4.65448 4.20752 4.23539 -0.215255 -0.140771 
-6.42954 -6.40454 -2.00014 -2.09275 -2.532 -2.40709 -4.46742 -4.66053 4.19676 4.23564 -0.221599 -0.132689 
-6.55738 -6.55556 -2.22281 -2.30082 -2.57946 -2.49765 -4.43585 -4.5978 4.18568 4.21476 -0.227907 -0.148343 
-6.68761 -6.7038 -2.44386 -2.51148 -2.62788 -2.57728 -4.40288 -4.54269 4.17429 4.19633 -0.234179 -0.160662 
-6.82029 -6.85837 -2.66323 -2.72597 -2.6772 -2.67217 -4.36847 -4.49192 4.16258 4.17574 -0.240414 -0.177296 
-6.95546 -6.9524 -2.88084 -2.98446 -2.7274 -2.62897 -4.3326 -4.53722 4.15056 4.18724 -0.246611 -0.15441 
-7.09316 -7.08223 -3.09663 -3.20928 -2.7784 -2.65008 -4.29523 -4.51677 4.13823 4.18179 -0.252769 -0.149612 
-7.23344 -7.20757 -3.3105 -3.40975 -2.83017 -2.6851 -4.25632 -4.4619 4.12559 4.17066 -0.258887 -0.154605 
-7.37632 -7.35352 -3.5224 -3.65161 -2.88265 -2.7264 -4.21586 -4.46635 4.11264 4.16433 -0.264964 -0.152302 
-7.52184 -7.51164 -3.73223 -3.80553 -2.93579 -2.8312 -4.1738 -4.33053 4.09939 4.13336 -0.271 -0.179766 
-7.67004 -7.65524 -3.93992 -4.01616 -2.98953 -2.88363 -4.13012 -4.29588 4.08584 4.12122 -0.276993 -0.185267 
-7.82094 -7.81098 -4.14538 -4.23794 -3.04381 -2.93629 -4.08479 -4.27588 4.07199 4.11064 -0.282942 -0.18636 
-7.97457 -7.96168 -4.34854 -4.4555 -3.09857 -2.977 -4.03778 -4.25401 4.05785 4.10179 -0.288846 -0.18539 
-8.13095 -8.12432 -4.5493 -4.68516 -3.15376 -3.02765 -3.98906 -4.24725 4.04341 4.09309 -0.294705 -0.184168 
-8.2901 -8.26604 -4.74759 -4.89273 -3.2093 -3.01553 -3.93862 -4.21883 4.02867 4.09181 -0.300517 -0.168594 
-8.45204 -8.40179 -4.94331 -5.10892 -3.26514 -3.0225 -3.88641 -4.21042 4.01365 4.08978 -0.306282 -0.161597 
-8.61678 -8.54905 -5.13637 -5.28689 -3.32121 -3.0361 -3.83242 -4.13901 3.99833 4.07951 -0.311998 -0.159019 
-8.78433 -8.74081 -5.32669 -5.48312 -3.37745 -3.13657 -3.77663 -4.07903 3.98273 4.05687 -0.317665 -0.17497 
-8.95469 -8.89951 -5.51417 -5.68263 -3.43377 -3.16448 -3.71901 -4.04472 3.96685 4.04849 -0.323282 -0.172598 
-9.12788 -9.05956 -5.69872 -5.8692 -3.49012 -3.20844 -3.65955 -3.99385 3.95068 4.03561 -0.328848 -0.177489 
-9.30388 -9.19953 -5.88026 -6.03747 -3.54643 -3.19795 -3.59823 -3.92757 3.93424 4.02903 -0.334362 -0.170954 
-9.4827 -9.38064 -6.05868 -6.15192 -3.60261 -3.3005 -3.53503 -3.76404 3.91752 3.99251 -0.339823 -0.20262 
-9.66432 -9.55386 -6.23389 -6.33718 -3.6586 -3.34324 -3.46994 -3.72198 3.90053 3.98055 -0.34523 -0.203413 
-9.84874 -9.7 -6.4058 -6.53757 -3.71431 -3.34059 -3.40295 -3.72416 3.88327 3.98123 -0.350583 -0.191531 
-10.0359 -9.91581 -6.57431 -6.70007 -3.76969 -3.47344 -3.33404 -3.62945 3.86574 3.94895 -0.355881 -0.218248 
-10.2259 -10.1204 -6.73933 -6.8598 -3.82463 -3.5673 -3.26321 -3.53972 3.84795 3.92311 -0.361122 -0.234519 
-10.4186 -10.3027 -6.90075 -7.0243 -3.87907 -3.62427 -3.19046 -3.47903 3.82989 3.90655 -0.366307 -0.240754 
-10.614 -10.5315 -7.05849 -7.19532 -3.93293 -3.73671 -3.11577 -3.40142 3.81158 3.88005 -0.371433 -0.255955 
-10.8121 -10.7337 -7.21245 -7.34187 -3.98613 -3.81457 -3.03916 -3.30826 3.793 3.85603 -0.376501 -0.268847 
-11.0128 -10.9781 -7.36252 -7.4955 -4.03859 -3.9402 -2.96062 -3.2024 3.77418 3.82406 -0.381509 -0.288412 
-11.2161 -11.1665 -7.50862 -7.64107 -4.09021 -3.96945 -2.88015 -3.1271 3.7551 3.80884 -0.386458 -0.289087 
-11.422 -11.3229 -7.65064 -7.79164 -4.14093 -3.95399 -2.79777 -3.09194 3.73578 3.80525 -0.391345 -0.278083 
-11.6304 -11.5179 -7.78849 -7.92396 -4.19066 -3.99417 -2.71349 -3.0015 3.71621 3.78603 -0.39617 -0.283944 
-11.8413 -11.7032 -7.92208 -8.02946 -4.23932 -4.03055 -2.6273 -2.88178 3.6964 3.76231 -0.400933 -0.295259 
-12.0546 -11.8985 -8.05131 -8.14964 -4.28682 -4.05035 -2.53924 -2.77709 3.67636 3.74262 -0.405632 -0.300407 
-12.2702 -12.1167 -8.17609 -8.23987 -4.33309 -4.12713 -2.44932 -2.62538 3.65608 3.70815 -0.410268 -0.321874 
-12.4881 -12.3375 -8.29633 -8.3671 -4.37802 -4.20442 -2.35756 -2.55747 3.63556 3.68808 -0.414838 -0.325818 
-12.7082 -12.545 -8.41193 -8.44654 -4.42156 -4.25456 -2.26399 -2.40919 3.61482 3.65683 -0.419343 -0.342735 
-12.9304 -12.7526 -8.5228 -8.53937 -4.4636 -4.27897 -2.16863 -2.28115 3.59385 3.63137 -0.423782 -0.353055 
-13.1547 -13.0272 -8.62886 -8.6225 -4.50407 -4.40209 -2.07151 -2.11239 3.57266 3.589 -0.428154 -0.378602 
-13.381 -13.2697 -8.73002 -8.72372 -4.54289 -4.47629 -1.97267 -2.01745 3.55126 3.56503 -0.432459 -0.382666 
-13.6092 -13.495 -8.82619 -8.76855 -4.57997 -4.52549 -1.87214 -1.83186 3.52963 3.52622 -0.436695 -0.40455 
-13.8392 -13.7142 -8.91729 -8.81772 -4.61524 -4.54179 -1.76997 -1.64932 3.5078 3.48993 -0.440862 -0.425578 
-14.0709 -13.9436 -9.00324 -8.91798 -4.64861 -4.57504 -1.6662 -1.58906 3.48576 3.47589 -0.444959 -0.417488 
-14.3043 -14.1875 -9.08395 -9.00799 -4.68001 -4.63756 -1.56086 -1.53074 3.46351 3.46041 -0.448987 -0.407672 
-14.5391 -14.4129 -9.15936 -9.10929 -4.70936 -4.65512 -1.45402 -1.4922 3.44106 3.45179 -0.452943 -0.395024 
-14.7754 -14.6427 -9.22939 -9.18082 -4.73658 -4.67555 -1.34573 -1.39451 3.41841 3.43145 -0.456828 -0.396792 
-15.013 -14.923 -9.29397 -9.17943 -4.76161 -4.76361 -1.23603 -1.14141 3.39557 3.37677 -0.46064 -0.432937 
-15.2517 -15.1767 -9.35302 -9.25316 -4.78436 -4.80414 -1.125 -1.06998 3.37254 3.36074 -0.46438 -0.425722 
-15.4916 -15.4388 -9.40649 -9.35737 -4.80476 -4.84477 -1.01269 -1.061 3.34932 3.35719 -0.468047 -0.405671 
-15.7324 -15.6839 -9.45431 -9.38954 -4.82275 -4.85701 -0.899159 -0.902134 3.32592 3.32524 -0.47164 -0.422349 
-15.9741 -15.9407 -9.49642 -9.46664 -4.83827 -4.88741 -0.784484 -0.861441 3.30234 3.31606 -0.475158 -0.408989 
-16.2164 -16.1924 -9.53277 -9.47899 -4.85124 -4.90574 -0.668734 -0.687267 3.27858 3.28078 -0.478601 -0.427404 
-16.4594 -16.4446 -9.5633 -9.47267 -4.8616 -4.9273 -0.55198 -0.503096 3.25465 3.24334 -0.481969 -0.444255 
-16.7027 -16.6685 -9.58797 -9.47242 -4.8693 -4.90497 -0.434301 -0.34394 3.23055 3.2116 -0.48526 -0.458414 
-16.9464 -16.9473 -9.60673 -9.45891 -4.87427 -4.94499 -0.315773 -0.160998 3.20629 3.17414 -0.488475 -0.472397 
-17.1903 -17.1976 -9.61954 -9.51475 -4.87646 -4.96214 -0.196479 -0.160354 3.18186 3.1739 -0.491613 -0.444212 
-17.4342 -17.4571 -9.62636 -9.52966 -4.87583 -4.97728 -0.0765024 -0.0651948 3.15728 3.15469 -0.494673 -0.44059 
-17.6781 -17.7142 -9.62717 -9.52074 -4.87232 -4.97822 0.0440703 0.0800543 3.13255 3.12551 -0.497655 -0.450841 
-17.9216 -17.9688 -9.62194 -9.48806 -4.86588 -4.97827 0.165151 0.245978 3.10767 3.09222 -0.500558 -0.461744 
-18.1648 -18.2144 -9.61064 -9.45189 -4.85648 -4.95466 0.286648 0.420651 3.08264 3.0569 -0.503383 -0.479043 
-18.4074 -18.4267 -9.59325 -9.48703 -4.84408 -4.91724 0.40847 0.412046 3.05747 3.05799 -0.506127 -0.454771 
-18.6493 -18.6642 -9.56977 -9.47131 -4.82864 -4.90716 0.530522 0.493012 3.03216 3.04146 -0.508793 -0.44538 
-18.8904 -18.9124 -9.54017 -9.46177 -4.81012 -4.90133 0.652707 0.567831 3.00672 3.02625 -0.511377 -0.438029 
-19.1305 -19.1442 -9.50447 -9.42174 -4.78851 -4.87947 0.774927 0.678906 2.98115 3.00334 -0.513881 -0.436747 
-19.3694 -19.3861 -9.46265 -9.30959 -4.76378 -4.84508 0.897083 0.932105 2.95546 2.95153 -0.516304 -0.467216 
-19.6069 -19.6211 -9.41472 -9.23438 -4.73591 -4.79506 1.01907 1.11504 2.92964 2.91311 -0.518645 -0.48839 
-19.8431 -19.8687 -9.36071 -9.11753 -4.70487 -4.75583 1.1408 1.34515 2.90371 2.86595 -0.520904 -0.510844 
-20.0775 -20.1042 -9.30061 -9.01933 -4.67066 -4.70789 1.26215 1.51945 2.87767 2.8294 -0.523081 -0.521916 
-20.3102 -20.2965 -9.23446 -9.12154 -4.63328 -4.68441 1.38303 1.29545 2.85151 2.87179 -0.525176 -0.456246 
-20.5409 -20.536 -9.16227 -9.0745 -4.59271 -4.67125 1.50334 1.35621 2.82525 2.85903 -0.527187 -0.443782 
-20.7696 -20.756 -9.08409 -8.983 -4.54895 -4.62037 1.62296 1.49809 2.79889 2.82805 -0.529115 -0.452979 
-20.9959 -20.997 -8.99994 -8.90081 -4.50202 -4.59018 1.74179 1.61924 2.77244 2.80246 -0.53096 -0.457645 
-21.2198 -21.1969 -8.90987 -8.83029 -4.45191 -4.52602 1.85972 1.69875 2.74589 2.78253 -0.532721 -0.455987 
-21.4412 -21.4302 -8.81393 -8.73984 -4.39865 -4.48491 1.97666 1.81904 2.71925 2.75627 -0.534397 -0.462673 
-21.6597 -21.6291 -8.71217 -8.70794 -4.34224 -4.43756 2.0925 1.81084 2.69253 2.75415 -0.53599 -0.443346 
-21.8754 -21.8251 -8.60465 -8.56051 -4.2827 -4.31034 2.20712 2.05313 2.66574 2.69706 -0.537498 -0.493393 
-22.0881 -22.0295 -8.49143 -8.48603 -4.22007 -4.2607 2.32043 2.10454 2.63886 2.6828 -0.53892 -0.483787 
-22.2975 -22.2391 -8.37258 -8.37297 -4.15437 -4.21493 2.43232 2.20352 2.61191 2.65988 -0.540258 -0.478392 
-22.5035 -22.4656 -8.24817 -8.28258 -4.08564 -4.18981 2.5427 2.26455 2.5849 2.64608 -0.54151 -0.468016 
-22.7061 -22.6599 -8.11829 -8.15942 -4.01391 -4.10423 2.65145 2.38975 2.55783 2.61432 -0.542677 -0.481456 
-22.9049 -22.8827 -7.98301 -7.94453 -3.93923 -4.02191 2.75848 2.64571 2.53069 2.55974 -0.543759 -0.509271 
-23.1 -23.0746 -7.84243 -7.79433 -3.86163 -3.89677 2.8637 2.81368 2.5035 2.51622 -0.544754 -0.541109 
-23.2911 -23.2961 -7.69663 -7.62922 -3.78118 -3.84071 2.967 2.95346 2.47627 2.48605 -0.545663 -0.542523 
-23.4781 -23.4936 -7.54572 -7.48829 -3.69792 -3.8001 3.06828 3.0157 2.44898 2.47078 -0.546486 -0.521706 
-23.6609 -23.6623 -7.3898 -7.34137 -3.61191 -3.70037 3.16746 3.10489 2.42166 2.44347 -0.547223 -0.523853 
-23.8393 -23.8512 -7.22897 -7.18264 -3.52321 -3.63332 3.26445 3.19444 2.3943 2.42039 -0.547873 -0.517611 
-24.0132 -24.0185 -7.06336 -7.07773 -3.43189 -3.56531 3.35916 3.19936 2.3669 2.41024 -0.548437 -0.504494 
-24.1825 -24.1857 -6.89307 -6.89596 -3.33801 -3.44702 3.45149 3.33142 2.33948 2.37325 -0.548915 -0.520594 
-24.347 -24.3409 -6.71823 -6.65855 -3.24166 -3.30086 3.54138 3.52476 2.31204 2.3234 -0.549305 -0.542132 
-24.5066 -24.5079 -6.53896 -6.48223 -3.14289 -3.18693 3.62873 3.62771 2.28457 2.2916 -0.549609 -0.55444 
-24.6612 -24.6147 -6.35538 -6.32831 -3.0418 -3.03715 3.71347 3.6746 2.25709 2.2615 -0.549826 -0.559672 
-24.8107 -24.7553 -6.16764 -6.13661 -2.93846 -2.91402 3.79553 3.76994 2.2296 2.22883 -0.549957 -0.565671 
-24.955 -24.9329 -5.97587 -5.94199 -2.83295 -2.85052 3.87484 3.85485 2.2021 2.20752 -0.55 -0.557511 
-25.094 -25.0629 -5.7802 -5.73745 -2.72537 -2.72645 3.95132 3.94487 2.1746 2.17555 -0.549957 -0.560294 
-25.2276 -25.1969 -5.58079 -5.56146 -2.61581 -2.62877 4.02492 3.98843 2.1471 2.15354 -0.549826 -0.555446 
-25.3556 -25.3482 -5.37777 -5.37526 -2.50435 -2.58719 4.09557 4.0209 2.11961 2.14254 -0.549609 -0.529846 
-25.4779 -25.4879 -5.1713 -5.15842 -2.39109 -2.49093 4.16322 4.10593 2.09213 2.1161 -0.549305 -0.528775 
-25.5946 -25.6197 -4.96152 -4.9767 -2.27613 -2.44946 4.22781 4.11466 2.06467 2.10775 -0.548915 -0.499781 
-25.7055 -25.7344 -4.7486 -4.79678 -2.15956 -2.35187 4.2893 4.13956 2.03722 2.08746 -0.548437 -0.496564 
-25.8105 -25.855 -4.53268 -4.59116 -2.04149 -2.27463 4.34764 4.18454 2.0098 2.0687 -0.547873 -0.485668 
-25.9096 -25.9628 -4.31392 -4.35657 -1.92202 -2.15601 4.40279 4.26949 1.98241 2.03842 -0.547223 -0.490521 
-26.0027 -26.0734 -4.0925 -4.13776 -1.80125 -1.99819 4.45471 4.35156 1.95504 2.00127 -0.546486 -0.519688 
-26.0897 -26.1603 -3.86856 -3.86829 -1.67928 -1.84403 4.50337 4.46502 1.92772 1.96245 -0.545663 -0.530159 
-26.1706 -26.2355 -3.64227 -3.63438 -1.55623 -1.64083 4.54875 4.54546 1.90044 1.91722 -0.544754 -0.564753 
-26.2453 -26.2653 -3.41381 -3.37016 -1.4322 -1.41885 4.59081 4.63028 1.8732 1.86814 -0.543759 -0.584132 
-26.3138 -26.3149 -3.18332 -3.12836 -1.30729 -1.2163 4.62954 4.68942 1.84601 1.82458 -0.542677 -0.607451 
-26.376 -26.3422 -2.95098 -2.8882 -1.18162 -1.02474 4.66493 4.72628 1.81888 1.78431 -0.54151 -0.617219 
-26.4319 -26.3992 -2.71697 -2.65993 -1.05529 -0.903273 4.69696 4.7457 1.7918 1.75888 -0.540258 -0.610665 
-26.4815 -26.479 -2.48143 -2.48647 -0.928411 -0.846276 4.72562 4.70424 1.76479 1.74879 -0.53892 -0.593979 
-26.5247 -26.5326 -2.24456 -2.2511 -0.80109 -0.75226 4.75091 4.724 1.73784 1.72871 -0.537498 -0.578231 
-26.5616 -26.5837 -2.0065 -2.04618 -0.673434 -0.653905 4.77284 4.71088 1.71097 1.70872 -0.53599 -0.5712 
-26.5921 -26.6137 -1.76744 -1.80859 -0.545553 -0.547881 4.79141 4.72471 1.68417 1.68624 -0.534397 -0.55734 
-26.6161 -26.6113 -1.52753 -1.56317 -0.417552 -0.371329 4.80664 4.74384 1.65745 1.64891 -0.532721 -0.566164 
-26.6338 -26.6093 -1.28695 -1.32893 -0.289538 -0.181072 4.81852 4.74942 1.63081 1.6089 -0.53096 -0.585951 
-26.6451 -26.6129 -1.04586 -1.10118 -0.161616 -0.0419109 4.8271 4.74176 1.60426 1.57963 -0.529115 -0.586437 
-26.65 -26.6412 -0.804425 -0.872712 -0.0338883 0.0394485 4.83238 4.73776 1.57781 1.56247 -0.527187 -0.572888 
-26.6485 -26.651 -0.562811 -0.628763 0.0935412 0.153096 4.83439 4.74596 1.55145 1.53855 -0.525176 -0.567947 
-26.6406 -26.6387 -0.321181 -0.387527 0.220572 0.323115 4.83317 4.74497 1.52519 1.5028 -0.523081 -0.58368 
-26.6264 -26.593 -0.0796947 -0.110177 0.347104 0.513804 4.82874 4.76962 1.49904 1.46349 -0.520904 -0.591362 
-26.6059 -26.5733 0.161489 0.12774 0.473041 0.653144 4.82116 4.75498 1.47299 1.43429 -0.518645 -0.594813 
-26.5792 -26.5496 0.402213 0.40472 0.598287 0.783552 4.81045 4.78041 1.44706 1.40833 -0.516304 -0.589221 
-26.5462 -26.5359 0.642323 0.641048 0.722748 0.843358 4.79667 4.76468 1.42124 1.39561 -0.513881 -0.564315 
-26.5069 -26.5274 0.881666 0.912895 0.846334 0.923755 4.77986 4.7884 1.39555 1.38022 -0.511377 -0.55056 
-26.4616 -26.4888 1.12009 1.16341 0.968955 0.979773 4.76007 4.78304 1.36998 1.36875 -0.508793 -0.518505 
-26.4101 -26.4308 1.35745 1.40564 1.09053 1.11346 4.73737 4.75832 1.34454 1.34093 -0.506127 -0.520093 
-26.3526 -26.3921 1.59361 1.62807 1.21096 1.17109 4.71181 4.7223 1.31923 1.32771 -0.503383 -0.499888 
-26.2891 -26.3351 1.82841 1.85001 1.33018 1.28044 4.68345 4.67828 1.29407 1.30364 -0.500558 -0.4996 
-26.2197 -26.2685 2.06173 2.08095 1.44811 1.40098 4.65235 4.64188 1.26904 1.27768 -0.497655 -0.501946 
-26.1444 -26.2039 2.29342 2.28786 1.56467 1.50202 4.61859 4.5812 1.24416 1.25398 -0.494673 -0.501628 
-26.0633 -26.1412 2.52336 2.51697 1.67979 1.5552 4.58223 4.55644 1.21942 1.24188 -0.491613 -0.478734 
-25.9765 -26.0614 2.75141 2.75584 1.79339 1.66348 4.54334 4.5319 1.19484 1.219 -0.488475 -0.477291 
-25.8841 -25.9686 2.97746 2.97876 1.90543 1.82549 4.502 4.47448 1.17042 1.18343 -0.48526 -0.500927 
-25.7861 -25.8689 3.20139 3.24315 2.01582 1.94784 4.45828 4.47324 1.14615 1.16011 -0.481969 -0.497782 
-25.6826 -25.7867 3.42306 3.47049 2.12452 2.03139 4.41227 4.4369 1.12206 1.14144 -0.478601 -0.491988 
-25.5737 -25.6799 3.64239 3.68014 2.23146 2.14358 4.36404 4.37177 1.09813 1.11492 -0.475158 -0.494151 
-25.4596 -25.5637 3.85924 3.88948 2.3366 2.26661 4.31367 4.30326 1.07437 1.086 -0.47164 -0.500133 
-25.3402 -25.4936 4.07353 4.08392 2.43989 2.3048 4.26125 4.24336 1.05079 1.07322 -0.468047 -0.48972 
-25.2157 -25.3705 4.28514 4.28874 2.54127 2.41899 4.20686 4.17504 1.02738 1.04567 -0.46438 -0.493643 
-25.0863 -25.2128 4.49399 4.50145 2.64071 2.57164 4.15058 4.10427 1.00417 1.01106 -0.46064 -0.50245 
-24.9518 -25.062 4.69998 4.69902 2.73817 2.67317 4.09251 4.03369 0.981133 0.985537 -0.456828 -0.493943 
-24.8126 -24.9426 4.90303 4.89659 2.83361 2.74791 4.03273 3.97196 0.958291 0.965576 -0.452943 -0.489751 
-24.6686 -24.7869 5.10304 5.08846 2.92701 2.86298 3.97132 3.89107 0.935644 0.936457 -0.448987 -0.492754 
-24.5201 -24.6211 5.29995 5.29492 3.01833 2.98661 3.90839 3.82614 0.913195 0.908009 -0.444959 -0.495616 
-24.367 -24.4505 5.49367 5.47351 3.10754 3.13955 3.84401 3.7094 0.890947 0.868411 -0.440862 -0.519577 
-24.2095 -24.2649 5.68414 5.64704 3.19464 3.27148 3.77827 3.59854 0.868904 0.832969 -0.436695 -0.528475 
-24.0477 -24.0984 5.8713 5.8122 3.27959 3.38796 3.71127 3.48088 0.847069 0.798924 -0.432459 -0.542887 
-23.8818 -23.925 6.05508 5.97562 3.36239 3.48378 3.64309 3.37533 0.825446 0.769589 -0.428154 -0.545233 
-23.7117 -23.7777 6.23542 6.16272 3.44302 3.46786 3.57383 3.36685 0.804038 0.77062 -0.423782 -0.496981 
-23.5377 -23.6088 6.41227 6.32117 3.52148 3.54238 3.50357 3.2725 0.782849 0.745818 -0.419343 -0.497344 
-23.3598 -23.4578 6.58559 6.49805 3.59775 3.55369 3.4324 3.24149 0.761882 0.739486 -0.414838 -0.469768 
-23.1781 -23.2401 6.75533 6.69983 3.67185 3.67563 3.36041 3.19659 0.74114 0.715804 -0.410268 -0.467744 
-22.9928 -23.0443 6.92146 6.84421 3.74376 3.74685 3.28768 3.09717 0.720627 0.690755 -0.405632 -0.463998 
-22.804 -22.8329 7.08393 7.01045 3.8135 3.84547 3.21431 3.01721 0.700345 0.665288 -0.400933 -0.465275 
-22.6117 -22.6225 7.24273 7.14554 3.88106 3.94662 3.14038 2.88949 0.680299 0.631975 -0.39617 -0.478276 
-22.4161 -22.4358 7.39782 7.29371 3.94647 3.9989 3.06598 2.81037 0.66049 0.612593 -0.391345 -0.474033 
-22.2173 -22.2105 7.54917 7.41735 4.00974 4.13633 2.99118 2.64293 0.640923 0.568571 -0.386458 -0.507741 
-22.0154 -22.0297 7.69679 7.57929 4.07087 4.16733 2.91607 2.60304 0.6216 0.558333 -0.381509 -0.492971 
-21.8105 -21.8457 7.84064 7.74415 4.12989 4.16006 2.84074 2.60473 0.602525 0.55941 -0.376501 -0.455258 
-21.6026 -21.6379 7.98072 7.88706 4.18681 4.21529 2.76526 2.53409 0.583699 0.541276 -0.371433 -0.450447 
-21.392 -21.4462 8.11703 8.02243 4.24166 4.23075 2.68971 2.48082 0.565128 0.530344 -0.366307 -0.434114 
-21.1787 -21.2132 8.24957 8.07457 4.29447 4.3113 2.61417 2.26672 0.546812 0.484044 -0.361122 -0.458945 
-20.9628 -21.0203 8.37833 8.2278 4.34526 4.28045 2.53871 2.2985 0.528756 0.49279 -0.355881 -0.409218 
-20.7444 -20.8393 8.50333 8.37793 4.39406 4.28367 2.46341 2.28666 0.510962 0.490327 -0.350583 -0.39178 
-20.5237 -20.6024 8.62457 8.48647 4.4409 4.3714 2.38835 2.16749 0.493433 0.460309 -0.34523 -0.408219 
-20.3006 -20.3581 8.74206 8.61553 4.48582 4.44218 2.31358 2.10462 0.476172 0.442454 -0.339823 -0.404797 
-20.0753 -20.158 8.85583 8.74642 4.52884 4.4184 2.23919 2.11198 0.459181 0.44589 -0.334362 -0.367836 
-19.848 -19.954 8.96589 8.85297 4.57001 4.43591 2.16524 2.04267 0.442462 0.431539 -0.328848 -0.364228 
-19.6186 -19.7523 9.07227 8.9754 4.60937 4.41316 2.09179 2.04545 0.42602 0.434014 -0.323282 -0.331322 
-19.3873 -19.5257 9.17499 9.05121 4.64694 4.45437 2.01891 1.92884 0.409856 0.408647 -0.317665 -0.340088 
-19.1542 -19.2899 9.27409 9.15595 4.68278 4.50352 1.94666 1.86112 0.393973 0.391884 -0.311998 -0.340869 
-18.9193 -19.0105 9.36959 9.23866 4.71692 4.59525 1.8751 1.74877 0.378373 0.363637 -0.306282 -0.350927 
-18.6827 -18.7925 9.46154 9.325 4.7494 4.61096 1.80429 1.67495 0.363059 0.348434 -0.300517 -0.348666 
-18.4446 -18.5412 9.54996 9.42274 4.78028 4.66157 1.73429 1.61421 0.348033 0.333357 -0.294705 -0.345845 
-18.2049 -18.2797 9.63492 9.45404 4.80959 4.75035 1.66514 1.39391 0.333298 0.285421 -0.288846 -0.389536 
-17.9639 -18.0007 9.71643 9.57252 4.83737 4.82342 1.59691 1.37496 0.318855 0.277693 -0.282942 -0.376758 
-17.7214 -17.7581 9.79457 9.65786 4.86368 4.82835 1.52964 1.35016 0.304708 0.272667 -0.276993 -0.353385 
-17.4777 -17.4891 9.86936 9.76303 4.88856 4.88177 1.46338 1.3266 0.290859 0.265338 -0.271 -0.342295 
-17.2328 -17.245 9.94087 9.83463 4.91205 4.9052 1.39818 1.25364 0.277309 0.250218 -0.264964 -0.341047 
-16.9868 -16.9786 10.0091 9.95575 4.93421 4.94932 1.33408 1.27332 0.26406 0.25181 -0.258887 -0.321811 
-16.7396 -16.7277 10.0743 10.0176 4.95507 4.9727 1.27113 1.19257 0.251116 0.235377 -0.252769 -0.32218 
-16.4915 -16.4789 10.1362 10.129 4.97469 4.99183 1.20937 1.21065 0.238478 0.237933 -0.246611 -0.303505 
-16.2424 -16.2267 10.1952 10.1918 4.99311 5.0171 1.14883 1.13314 0.226147 0.222128 -0.240414 -0.30645 
-15.9924 -15.9814 10.2511 10.2314 5.01039 5.0271 1.08956 1.03001 0.214126 0.202095 -0.234179 -0.31124 
-15.7416 -15.7348 10.3041 10.2943 5.02655 5.02917 1.03159 0.993492 0.202417 0.195034 -0.227907 -0.298475 
-15.4899 -15.4995 10.3543 10.3048 5.04166 5.02353 0.974957 0.854773 0.191022 0.16854 -0.221599 -0.31026 
-15.2376 -15.2143 10.4016 10.3213 5.05576 5.0932 0.919692 0.675046 0.179942 0.131771 -0.215255 -0.343795 
-14.9846 -14.9528 10.4462 10.381 5.06889 5.11479 0.865828 0.637259 0.169179 0.123953 -0.208879 -0.334321 
-14.7309 -14.7046 10.4882 10.4186 5.0811 5.09156 0.813394 0.623667 0.158735 0.121883 -0.202468 -0.305149 
-14.4766 -14.4507 10.5276 10.397 5.09243 5.09255 0.762418 0.453012 0.148612 0.0887222 -0.196027 -0.32312 
-14.2218 -14.1907 10.5645 10.4223 5.10293 5.10172 0.712926 0.386996 0.138811 0.075711 -0.189554 -0.317573 
-13.9665 -13.9003 10.5989 10.5586 5.11263 5.16072 0.664944 0.520433 0.129333 0.100505 -0.183051 -0.275879 
-13.7107 -13.6458 10.631 10.6177 5.12159 5.14522 0.618496 0.566542 0.120181 0.109669 -0.176519 -0.239672 
-13.4545 -13.3868 10.6608 10.6244 5.12983 5.15169 0.573603 0.467208 0.111355 0.0904428 -0.169959 -0.24691 
-13.1979 -13.1253 10.6884 10.65 5.13741 5.16152 0.530288 0.410502 0.102857 0.0793642 -0.163373 -0.245495 
-12.9409 -12.8693 10.7138 10.7428 5.14436 5.17138 0.48857 0.484369 0.0946879 0.0933908 -0.156761 -0.219261 
-12.6836 -12.6073 10.7373 10.792 5.15071 5.17424 0.448467 0.497487 0.0868499 0.0958521 -0.150124 -0.200508 
-12.426 -12.3592 10.7587 10.7689 5.15651 5.16329 0.409997 0.360648 0.0793437 0.0697352 -0.143463 -0.216558 
-12.1681 -12.1014 10.7783 10.8074 5.16179 5.15777 0.373177 0.376082 0.0721706 0.0727867 -0.136779 -0.194854 
-11.91 -11.8512 10.7961 10.871 5.16658 5.15752 0.338022 0.410826 0.0653316 0.079488 -0.130074 -0.178634 
-11.6516 -11.578 10.8121 10.8913 5.17092 5.17523 0.304546 0.371684 0.0588279 0.0716967 -0.123349 -0.175729 
-11.393 -11.3391 10.8265 10.9109 5.17484 5.15744 0.272761 0.331668 0.0526604 0.0642202 -0.116604 -0.174521 
-11.1342 -11.0759 10.8394 10.8488 5.17836 5.18554 0.242681 0.0354327 0.0468302 0.00683288 -0.10984 -0.250057 
-10.8753 -10.7891 10.8509 10.8215 5.18153 5.20908 0.214317 -0.0826692 0.0413382 -0.0158689 -0.10306 -0.259923 
-10.6161 -10.5324 10.8609 10.818 5.18435 5.20411 0.187679 -0.145126 0.0361852 -0.0278796 -0.0962627 -0.25882 
-10.3569 -10.2923 10.8697 10.8176 5.18687 5.18264 0.162776 -0.194987 0.0313721 -0.0376054 -0.0894504 -0.255817 
-10.0976 -10.0393 10.8772 10.8718 5.1891 5.16471 0.139618 -0.0547117 0.0268996 -0.010593 -0.0826241 -0.194704 
-9.83809 -9.78078 10.8837 10.9147 5.19106 5.17249 0.118212 -0.0197458 0.0227684 -0.00381745 -0.0757847 -0.178243 
-9.57852 -9.54053 10.8891 10.9022 5.19278 5.14783 0.0985664 -0.0719903 0.0189791 -0.0139837 -0.0689333 -0.176584 
-9.31887 -9.28192 10.8936 10.9246 5.19428 5.15312 0.0806865 -0.0686431 0.0155325 -0.0133199 -0.062071 -0.16718 
-9.05915 -9.03016 10.8972 10.9097 5.19557 5.13985 0.0645787 -0.10983 0.0124289 -0.021365 -0.0551989 -0.161771 
-8.79937 -8.76973 10.9001 10.9361 5.19667 5.14828 0.050248 -0.0925546 0.00966898 -0.0179758 -0.0483182 -0.150456 
-8.53953 -8.52193 10.9023 10.8996 5.19759 5.13 0.0376992 -0.177838 0.00725307 -0.0346524 -0.0414297 -0.157304 
-8.27965 -8.33165 10.9039 10.8316 5.19835 5.04468 0.0269359 -0.31798 0.00518158 -0.0629495 -0.0345348 -0.177444 
-8.01974 -8.07652 10.905 10.8465 5.19896 5.0454 0.0179617 -0.272248 0.00345484 -0.0539074 -0.0276344 -0.151064 
-7.75979 -7.7685 10.9057 10.8753 5.19942 5.11257 0.0107791 -0.234467 0.00207312 -0.0458288 -0.0207296 -0.135541 
-7.49981 -7.50574 10.9061 10.8766 5.19975 5.11418 0.00539029 -0.202084 0.00103664 -0.0394938 -0.0138215 -0.112082 
-7.23983 -7.23645 10.9063 10.8594 5.19994 5.12688 0.00179692 -0.242007 0.000345566 -0.0471684 -0.00691132 -0.114107 
