2.2421
2.65263
2.22738
0.902417
1.73465
0.520437
1.94863
0.191259
0.349019
0.595003
2.57791
3.52741
3.46246
0.213175
1.16268
10.1956
2.06938
3.2927
1.50393
2.00387
4.11967
3.32036
0.679912
0.280766
3.93497
2.78937
3.88148
0.67735
2.8758
0.494818
6.2564
0.759667
6.65091
0.705677
4.44742
3.15869
4.81905
1.26675
4.70653
1.40292
1.62763
1.69843
1.19085
0.497325
1.15002
0.728647
0.872951
3.63876
3.54391
2.86115
11.4896
0.750238
0.368721
0.795093
1.31864
2.17513
4.01626
1.59045
2.67006
1.05798
0.831782
0.1802
1.86285
0.664671
0.602549
0.524041
5.25142
0.873276
1.8963
0.28007
3.61855
1.7572
1.72725
0.530784
0.671694
0.555192
0.393813
2.71301
0.368401
4.34679
4.78715
0.783588
0.328501
1.82939
2.44281
5.43362
0.843238
4.63072
1.11758
2.61138
3.14733
0.407055
6.72323
0.388812
3.32952
1.44053
4.75676
0.0362474
11.7476
4.25933
3.40074
0.94612
3.84743
1.58005
2.20583
1.32527
1.32408
1.04818
1.06248
0.238298
1.47979
1.34706
3.36599
2.01326
8.46989
3.64748
1.41574
0.0194617
1.75912
1.07046
0.332174
0.0263439
6.65466
1.47875
5.96434
3.8773
2.62397
0.896417
1.83189
1.24493
6.83827
0.361852
1.71545
0.45385
3.12842
2.66092
3.1846
0.80729
9.9932
0.78409
3.36347
1.46731
5.88416
1.90844
2.00813
0.728688
1.25797
0.775799
0.398071
2.01225
2.59617
0.210988
1.70553
1.6556
2.69179
0.198157
0.999103
1.90965
1.14216
0.592331
4.25469
0.599568
5.37649
3.36661
1.00634
1.6288
2.58002
1.21017
1.53931
1.97187
4.43946
2.68742
0.0656549
0.143108
3.43962
3.89562
0.241794
1.11007
0.471949
0.663142
2.75667
1.39548
2.07171
0.885719
1.65399
1.94974
4.52354
0.538412
1.50428
1.07321
1.41408
2.1954
7.13604
2.59606
3.35403
1.24222
2.48859
6.10773
3.38716
0.10234
1.88327
0.514364
5.08886
2.30985
1.18528
2.00393
1.88957
1.05935
1.0342
3.16782
2.48098
0.223416
1.62635
1.31846
3.53042
3.11376
1.32748
1.83611
0.848349
2.8885
3.5606
0.438664
3.93508
0.486967
3.03243
4.7502
3.43267
2.97337
0.91803
1.32509
1.43437
1.90361
0.519407
0.700517
2.6964
4.35743
1.77419
0.330562
3.29952
0.469687
5.37016
0.929691
6.57614
0.56388
1.33991
2.3048
4.48671
0.370314
3.35469
1.56257
2.64974
0.622876
0.0980019
2.37169
2.67688
3.13411
0.97134
0.461329
4.34327
0.00648533
1.11542
1.35407
0.121486
0.833456
4.39384
1.87953
1.05948
4.39614
0.927979
3.74508
5.28427
1.3675
21.2542
1.53265
4.23076
3.32901
5.60145
1.00462
2.50945
1.34267
4.66027
0.339628
3.29173
0.688376
1.40993
2.08291
0.168252
1.46155
4.40198
5.3639
0.529178
0.427994
0.353922
1.1643
2.56137
0.241164
4.47525
1.68623
0.4667
0.268527
7.17456
6.1389
0.912329
0.355469
6.69368
0.675323
1.14538
3.23693
2.13768
3.42532
1.39015
3.37764
2.11738
3.82023
2.57276
1.3515
2.33485
2.61383
2.41025
3.79305
2.56429
2.6552
4.64237
0.440841
2.60383
0.371276
0.245716
2.37313
4.34696
5.0205
1.94581
2.00217
2.34898
0.652992
5.33451
1.54191
7.69614
0.49709
1.70605
0.264448
0.791433
2.2344
1.67394
0.255728
3.99765
3.0338
1.2303
1.44433
5.04802
14.9305
1.52709
0.734618
2.3296
1.65346
1.83199
2.48739
6.94011
0.569592
1.82003
1.0013
1.16388
4.9791
3.93221
1.93861
1.4766
0.782
0.841537
2.2994
2.00463
3.26391
3.5395
5.75601
0.374582
2.37386
1.89147
0.385281
1.22888
0.532195
6.57272
0.675093
0.316642
0.463488
10.7934
2.14404
3.63008
4.64143
0.756715
1.48473
1.27476
5.56792
0.857601
1.28595
1.96036
1.14952
1.77463
0.103658
5.12199
0.434103
2.23893
2.60005
2.75505
1.86559
1.72715
3.34205
7.52192
0.0695004
8.35512
0.208532
0.160798
0.69516
1.06357
0.144268
2.61631
1.78189
2.19082
0.121223
1.07116
3.8126
0.592856
1.95672
8.91635
0.46714
2.28161
0.898509
0.97154
1.2326
3.29894
0.0616737
4.62047
0.126799
2.01657
4.21441
5.59004
1.08367
1.42814
0.299385
2.5548
2.17109
5.9559
0.164631
1.73471
4.20045
7.02055
3.32334
4.0653
1.45445
2.3943
0.627456
2.11366
0.48941
4.28181
5.79982
1.67296
0.839561
5.56486
4.08115
2.98382
1.94543
0.545361
2.55329
0.113898
1.93158
0.663006
0.163392
0.312739
1.04213
8.27766
0.500232
6.31309
1.83321
0.64606
8.96951
2.55892
0.345602
0.260137
4.41275
1.75004
1.47874
0.934934
2.24072
2.76183
0.739328
9.38503
2.83811
0.143557
0.934655
6.72017
2.09877
4.07782
0.697684
2.77213
1.01494
6.49708
6.3484
1.59127
4.30638
2.33105
0.434676
