2.55771
12.125
5.20884
4.05629
3.45675
4.19816
7.18593
0.532353
3.21521
1.01198
5.97381
3.49566
5.21786
6.08473
1.8048
1.76249
3.98214
3.82516
5.08705
5.44316
3.65628
6.37825
2.70954
1.02047
0.426712
3.20873
0.899217
0.928227
4.1507
4.83405
2.45176
4.70566
0.0913135
1.4518
3.11316
2.85116
1.18944
6.27514
0.87686
2.0201
1.36543
2.74468
3.35154
3.81379
1.25192
6.91904
2.16154
0.710809
0.351083
2.30406
2.49064
2.79451
4.47571
2.87855
4.63479
2.3704
3.75729
5.45215
7.70972
5.38929
1.82979
0.982995
0.757881
1.09935
0.288674
0.548594
4.70568
2.14386
0.453505
0.167097
3.53323
1.49266
2.32527
0.68804
0.892152
2.0584
1.76873
0.372905
0.132344
5.171
4.13758
1.91574
0.8714
6.96948
5.78414
3.86538
6.57028
6.23586
4.06442
2.24126
2.74417
4.9791
0.998294
2.0504
1.73387
0.441327
1.52041
0.808929
2.40413
3.61457
9.52508
1.67197
2.39694
1.10264
6.59544
3.44661
1.14911
1.87777
1.17389
1.64438
5.83662
6.4717
2.646
2.76491
2.82984
5.20555
1.0967
0.84139
3.16022
12.8133
1.84549
2.337
1.90542
0.891534
3.77932
3.1717
5.03156
1.79905
0.0448778
4.74499
3.64351
4.40526
0.984037
7.01387
3.22987
3.4453
2.72144
2.11457
1.33681
3.18101
7.75591
6.72319
2.08637
6.06018
1.94597
2.92021
6.49333
1.61487
3.97106
1.60294
1.50032
2.52054
3.1004
0.310469
4.66686
7.0051
2.1012
0.723286
2.27777
0.501576
2.77508
5.10046
1.22939
2.01156
7.30718
5.06815
4.23559
3.94758
0.867049
3.07351
2.18351
0.653065
7.01543
6.68104
2.84266
4.60239
1.73529
1.43676
2.4153
1.06477
2.64384
0.379284
6.33114
1.98962
4.32259
4.66472
2.51245
0.494173
1.86732
0.991922
3.89019
4.17544
2.45899
5.54463
0.608332
2.01022
2.77031
2.23803
0.401664
3.27682
0.805088
3.56779
0.661706
1.86347
5.12892
2.08068
12.1561
3.21162
0.334141
0.413874
5.30778
1.36013
4.44034
2.80286
4.52068
1.24682
2.1543
2.67499
4.06489
5.02223
1.48301
0.0657633
0.974325
4.52922
1.48316
2.79066
1.25789
7.10783
4.34079
2.91101
2.73174
0.738705
4.62428
3.8932
1.83219
6.39647
2.6351
3.55171
2.85696
9.29979
0.635855
9.20694
1.381
2.14568
2.37688
3.27706
4.53415
2.15713
