2.36358
1.15957
1.64008
0.814927
0.0601769
5.71854
1.05949
6.72754
6.76872
1.90775
0.316638
2.78996
2.21482
2.7342
0.637503
0.494169
0.130708
4.61021
0.594495
0.605251
2.70369
0.310608
0.442319
2.84846
1.75754
1.26097
1.19246
1.75918
2.04354
1.75644
0.30058
0.883935
0.424042
1.29426
0.426393
1.53476
0.0530395
1.59166
2.83499
2.49048
2.79758
3.78297
6.86752
2.80982
0.529549
0.315434
1.87075
0.808154
1.43126
0.361458
2.84798
0.0299343
4.79784
0.0878531
0.506827
2.82545
1.35671
2.21114
0.733833
2.35451
0.051558
1.14297
2.86178
2.21512
1.87476
0.294413
1.01215
0.890012
1.58901
1.34954
1.5573
2.25152
0.310786
1.38024
2.32732
0.375354
1.38676
0.104364
2.4773
0.423857
0.7694
2.64781
0.98997
0.804097
2.32973
2.79858
0.130663
3.71775
0.970214
0.561284
1.18903
0.814358
0.853011
0.97004
0.651478
2.23267
2.09607
1.11416
4.16229
0.509275
0.0278898
3.77015
1.86269
1.5667
3.63002
0.110031
1.38027
3.161
1.88032
2.51699
0.891811
0.777176
7.14404
4.52534
1.62803
1.49025
0.415335
5.05916
0.503459
0.214311
1.44005
1.35978
2.43567
0.175489
1.30756
1.32608
2.77406
3.71375
0.608366
0.175219
0.688592
0.84693
1.55876
2.9719
1.90737
0.157861
0.204468
7.61919
0.630269
2.53151
0.110421
2.03239
0.68152
1.43657
5.14813
1.2931
1.99968
0.132901
1.61096
0.405662
7.30356
0.642236
0.846162
2.48648
2.3246
5.37753
5.72163
2.44745
3.53736
3.09452
3.56157
0.0646066
0.110708
2.53049
4.37505
1.14513
1.51123
1.18015
0.132897
0.429354
2.59048
0.0742921
3.7904
1.64814
13.2953
1.26179
1.6467
2.1007
0.254089
0.451346
6.58045
1.78349
1.24353
1.93906
4.18282
5.02128
2.69199
0.203861
0.609322
0.773883
0.325603
1.71932
2.97658
0.483933
7.11597
1.3396
1.10431
0.112626
0.483823
2.46666
1.87712
3.1264
0.164899
0.271175
0.786286
0.106176
1.61891
0.125688
3.57552
2.34838
0.31149
1.15989
1.39133
0.0874326
0.331057
3.46254
0.588488
0.934476
2.17464
0.26293
2.8158
5.99466
1.72943
1.33054
0.00937685
4.19116
1.28326
3.98111
2.13615
2.94418
1.84201
0.256252
1.04694
0.384475
2.17807
8.49181
0.48351
3.77255
1.41934
2.39274
0.240516
4.67664
0.455753
2.13766
0.405191
0.446597
7.35778
4.3893
0.397766
